6.05556E+01 5.00000E-04 1.20825E-01  5.95243E-49  5.83603E-49  5.90431E-49 0.00000E+00 0.00000E+00 
6.02020E+01 6.01010E-04 1.14874E-01  8.70013E-49  8.52999E-49  8.62979E-49 0.00000E+00 0.00000E+00 
5.98485E+01 7.02020E-04 1.14875E-01  1.20087E-48  1.17739E-48  1.19117E-48 0.00000E+00 0.00000E+00 
5.94949E+01 8.03030E-04 1.19105E-01  1.58975E-48  1.55866E-48  1.57690E-48 0.00000E+00 0.00000E+00 
5.91414E+01 9.04040E-04 1.26866E-01  2.03862E-48  1.99875E-48  2.02213E-48 0.00000E+00 0.00000E+00 
5.87879E+01 1.10606E-03 1.16789E-01  3.08775E-48  3.02737E-48  3.06279E-48 0.00000E+00 0.00000E+00 
5.84343E+01 1.30808E-03 1.14293E-01  4.37027E-48  4.28481E-48  4.33494E-48 0.00000E+00 0.00000E+00 
5.80808E+01 1.51010E-03 1.16736E-01  5.89435E-48  5.77909E-48  5.84670E-48 0.00000E+00 0.00000E+00 
5.77273E+01 1.71212E-03 1.23019E-01  7.66848E-48  7.51852E-48  7.60648E-48 0.00000E+00 0.00000E+00 
5.73737E+01 2.01515E-03 1.21904E-01  1.07523E-47  1.05420E-47  1.06654E-47 0.00000E+00 0.00000E+00 
5.73737E+01 2.11616E-03 1.12410E-01  1.18572E-47  1.16253E-47  1.17613E-47 0.00000E+00 0.00000E+00 
5.70202E+01 2.31818E-03 1.25676E-01  1.44031E-47  1.41215E-47  1.42867E-47 0.00000E+00 0.00000E+00 
5.70202E+01 2.41919E-03 1.17197E-01  1.56856E-47  1.53789E-47  1.55588E-47 0.00000E+00 0.00000E+00 
5.66667E+01 2.72222E-03 1.25485E-01  2.01055E-47  1.97124E-47  1.99430E-47 0.00000E+00 0.00000E+00 
5.66667E+01 2.82323E-03 1.18300E-01  2.16252E-47  2.12023E-47  2.14503E-47 0.00000E+00 0.00000E+00 
5.63131E+01 3.22727E-03 1.23670E-01  2.86071E-47  2.80477E-47  2.83758E-47 0.00000E+00 0.00000E+00 
5.63131E+01 3.32828E-03 1.17681E-01  3.04257E-47  2.98307E-47  3.01797E-47 0.00000E+00 0.00000E+00 
5.63131E+01 3.42929E-03 1.12181E-01  3.23003E-47  3.16686E-47  3.20392E-47 0.00000E+00 0.00000E+00 
5.59596E+01 3.73232E-03 1.27027E-01  3.87370E-47  3.79795E-47  3.84239E-47 0.00000E+00 0.00000E+00 
5.59596E+01 3.83333E-03 1.21777E-01  4.08618E-47  4.00628E-47  4.05315E-47 0.00000E+00 0.00000E+00 
5.59596E+01 3.93434E-03 1.16870E-01  4.30434E-47  4.22016E-47  4.26954E-47 0.00000E+00 0.00000E+00 
5.59596E+01 4.03535E-03 1.12279E-01  4.52816E-47  4.43961E-47  4.49155E-47 0.00000E+00 0.00000E+00 
5.56061E+01 4.43939E-03 1.25122E-01  5.54886E-47  5.44035E-47  5.50401E-47 0.00000E+00 0.00000E+00 
6.26768E+01 4.43939E-03 1.26893E-01  4.38411E-47  4.29838E-47  4.34867E-47 0.00000E+00 0.00000E+00 
5.56061E+01 4.54040E-03 1.20801E-01  5.80419E-47  5.69069E-47  5.75727E-47 0.00000E+00 0.00000E+00 
6.26768E+01 4.54040E-03 1.21555E-01  4.58585E-47  4.49617E-47  4.54878E-47 0.00000E+00 0.00000E+00 
5.56061E+01 4.64141E-03 1.16720E-01  6.06526E-47  5.94665E-47  6.01623E-47 0.00000E+00 0.00000E+00 
6.26768E+01 4.64141E-03 1.16558E-01  4.79213E-47  4.69842E-47  4.75339E-47 0.00000E+00 0.00000E+00 
5.56061E+01 4.74242E-03 1.12859E-01  6.33207E-47  6.20825E-47  6.28088E-47 0.00000E+00 0.00000E+00 
5.52525E+01 5.24747E-03 1.24773E-01  7.85002E-47  7.69651E-47  7.78656E-47 0.00000E+00 0.00000E+00 
5.52525E+01 5.34848E-03 1.21156E-01  8.15506E-47  7.99558E-47  8.08913E-47 0.00000E+00 0.00000E+00 
5.52525E+01 5.44949E-03 1.17708E-01  8.46591E-47  8.30035E-47  8.39747E-47 0.00000E+00 0.00000E+00 
5.52525E+01 5.55051E-03 1.14419E-01  8.78257E-47  8.61082E-47  8.71156E-47 0.00000E+00 0.00000E+00 
5.48990E+01 6.15657E-03 1.26146E-01  1.09417E-46  1.07277E-46  1.08532E-46 0.00000E+00 0.00000E+00 
5.48990E+01 6.25758E-03 1.23057E-01  1.13035E-46  1.10825E-46  1.12121E-46 0.00000E+00 0.00000E+00 
5.48990E+01 6.35859E-03 1.20090E-01  1.16712E-46  1.14430E-46  1.15769E-46 0.00000E+00 0.00000E+00 
5.48990E+01 6.45960E-03 1.17240E-01  1.20448E-46  1.18093E-46  1.19475E-46 0.00000E+00 0.00000E+00 
5.48990E+01 6.56061E-03 1.14500E-01  1.24243E-46  1.21813E-46  1.23239E-46 0.00000E+00 0.00000E+00 
5.45455E+01 7.26768E-03 1.26618E-01  1.54400E-46  1.51381E-46  1.53152E-46 0.00000E+00 0.00000E+00 
5.45455E+01 7.36869E-03 1.24014E-01  1.58719E-46  1.55616E-46  1.57436E-46 0.00000E+00 0.00000E+00 
5.45455E+01 7.46970E-03 1.21498E-01  1.63098E-46  1.59909E-46  1.61780E-46 0.00000E+00 0.00000E+00 
5.45455E+01 7.57071E-03 1.19066E-01  1.67537E-46  1.64260E-46  1.66182E-46 0.00000E+00 0.00000E+00 
5.45455E+01 7.67172E-03 1.16714E-01  1.72034E-46  1.68670E-46  1.70644E-46 0.00000E+00 0.00000E+00 
5.45455E+01 7.77273E-03 1.14439E-01  1.76592E-46  1.73138E-46  1.75164E-46 0.00000E+00 0.00000E+00 
5.45455E+01 7.87374E-03 1.12236E-01  1.81208E-46  1.77665E-46  1.79743E-46 0.00000E+00 0.00000E+00 
5.41919E+01 8.58081E-03 1.27323E-01  2.17957E-46  2.13694E-46  2.16195E-46 0.00000E+00 0.00000E+00 
5.41919E+01 8.68182E-03 1.25127E-01  2.23114E-46  2.18751E-46  2.21311E-46 0.00000E+00 0.00000E+00 
5.41919E+01 8.78283E-03 1.22991E-01  2.28332E-46  2.23867E-46  2.26486E-46 0.00000E+00 0.00000E+00 
5.41919E+01 8.88384E-03 1.20921E-01  2.33610E-46  2.29042E-46  2.31722E-46 0.00000E+00 0.00000E+00 
6.30303E+01 8.88384E-03 1.25673E-01  1.73552E-46  1.70158E-46  1.72149E-46 0.00000E+00 0.00000E+00 
5.41919E+01 8.98485E-03 1.18905E-01  2.38948E-46  2.34276E-46  2.37017E-46 0.00000E+00 0.00000E+00 
6.30303E+01 8.98485E-03 1.23051E-01  1.77518E-46  1.74047E-46  1.76083E-46 0.00000E+00 0.00000E+00 
5.41919E+01 9.08586E-03 1.16946E-01  2.44347E-46  2.39568E-46  2.42371E-46 0.00000E+00 0.00000E+00 
6.30303E+01 9.08586E-03 1.20514E-01  1.81530E-46  1.77980E-46  1.80062E-46 0.00000E+00 0.00000E+00 
5.41919E+01 9.18687E-03 1.15040E-01  2.49805E-46  2.44920E-46  2.47786E-46 0.00000E+00 0.00000E+00 
6.30303E+01 9.18687E-03 1.18060E-01  1.85586E-46  1.81957E-46  1.84086E-46 0.00000E+00 0.00000E+00 
5.41919E+01 9.28788E-03 1.13185E-01  2.55324E-46  2.50331E-46  2.53260E-46 0.00000E+00 0.00000E+00 
6.30303E+01 9.28788E-03 1.15685E-01  1.89687E-46  1.85977E-46  1.88153E-46 0.00000E+00 0.00000E+00 
6.30303E+01 9.38889E-03 1.13377E-01  1.93832E-46  1.90042E-46  1.92265E-46 0.00000E+00 0.00000E+00 
5.38384E+01 1.01970E-02 1.27060E-01  3.11677E-46  3.05582E-46  3.09157E-46 0.00000E+00 0.00000E+00 
5.38384E+01 1.02980E-02 1.25234E-01  3.17875E-46  3.11659E-46  3.15306E-46 0.00000E+00 0.00000E+00 
5.38384E+01 1.03990E-02 1.23453E-01  3.24135E-46  3.17796E-46  3.21515E-46 0.00000E+00 0.00000E+00 
5.38384E+01 1.05000E-02 1.21713E-01  3.30455E-46  3.23993E-46  3.27784E-46 0.00000E+00 0.00000E+00 
